[ 0.00450628]
[ 0.00421589]
[ 0.00416585]
[ 0.00288688]
[ 0.00619003]
[ 0.00093023]
[ 0.00093023]
[ 0.00454073]
[ 0.00268559]
[ 0.00174158]
[ 0.00376327]
[ 0.00288994]
[ 0.0026291]
[ 0.00263224]
[ 0.00232981]
[ 0.00265845]
[ 0.00492951]
[ 0.00329623]
[ 0.01507292]
[ 0.00681633]
[ 0.00885083]
[ 0.00271605]
[ 0.00898809]
[ 0.00750334]
[ 0.01079913]
[ 0.0066028]
[ 0.0079482]
[ 0.01161852]
[ 0.00612649]
[ 0.0110643]
[ 0.00440873]
[ 0.00374025]
[ 0.00187001]
[ 0.00400671]
[ 0.00684384]
[ 0.00268194]
[ 0.0068195]
[ 0.00471465]
[ 0.00445518]
[ 0.00520005]
[ 0.00093023]
[ 0.00549147]
[ 0.00544618]
[ 0.00549056]
[ 0.00312046]
[ 0.0091984]
[ 0.00697656]
[ 0.00093023]
[ 0.0012849]
[ 0.00093023]
[ 0.00471844]
[ 0.00189904]
[ 0.00530251]
[ 0.00369118]
[ 0.00360048]
[ 0.0058935]
[ 0.0050637]
[ 0.00701445]
[ 0.00093023]
[ 0.00408014]
[ 0.00093023]
[ 0.00308499]
[ 0.00505255]
[ 0.00816258]
[ 0.0033552]
[ 0.00362545]
[ 0.00898794]
[ 0.00919167]
[ 0.01274731]
[ 0.00340721]
[ 0.0053103]
[ 0.00338974]
[ 0.00607049]
[ 0.00948441]
[ 0.0033073]
[ 0.00266123]
[ 0.00803297]
[ 0.0045736]
[ 0.00195416]
[ 0.00475745]
[ 0.00327723]
[ 0.00653242]
[ 0.00315843]
[ 0.00093023]
[ 0.00382622]
[ 0.00093023]
[ 0.00344485]
[ 0.00681194]
[ 0.00343974]
[ 0.00179851]
[ 0.00373274]
[ 0.00400109]
[ 0.00503314]
[ 0.00427292]
[ 0.00251924]
[ 0.00283861]
[ 0.00617538]
[ 0.00198815]
[ 0.00206874]
[ 0.00430098]
[ 0.00423528]
[ 0.00737172]
[ 0.00305382]
[ 0.0011299]
[ 0.00270152]
[ 0.00261695]
[ 0.00362277]
[ 0.00384507]
[ 0.00093023]
[ 0.00750845]
[ 0.00687456]
[ 0.0032905]
[ 0.00093023]
[ 0.00503669]
[ 0.00469551]
[ 0.0060071]
[ 0.0037356]
[ 0.0026655]
[ 0.00366159]
[ 0.00559288]
[ 0.00397745]
[ 0.0044861]
[ 0.01158262]
[ 0.00561784]
[ 0.00351793]
[ 0.00363186]
[ 0.00495586]
[ 0.00992196]
[ 0.00410431]
[ 0.00614969]
[ 0.00477996]
[ 0.00310576]
[ 0.00093023]
[ 0.00755554]
[ 0.00172311]
[ 0.0087735]
[ 0.00430144]
[ 0.00182313]
[ 0.00556309]
[ 0.00093023]
[ 0.00577747]
[ 0.00240462]
[ 0.01160817]
[ 0.01185401]
[ 0.00284806]
[ 0.00136264]
[ 0.00299825]
[ 0.01029953]
[ 0.00677028]
[ 0.00716848]
[ 0.00855854]
[ 0.00784252]
[ 0.00397852]
[ 0.00647597]
[ 0.00552931]
[ 0.01080685]
[ 0.01167352]
[ 0.00227655]
[ 0.00093023]
[ 0.00468356]
[ 0.00324411]
[ 0.00130233]
[ 0.00093023]
[ 0.00427896]
[ 0.00795568]
[ 0.00304371]
[ 0.00588283]
[ 0.00393267]
[ 0.00093023]
[ 0.00093023]
[ 0.00093023]
[ 0.00287974]
[ 0.00093023]
[ 0.00517343]
[ 0.0027262]
[ 0.00439533]
[ 0.00093023]
[ 0.00475805]
[ 0.00264489]
[ 0.01038644]
[ 0.00164745]
[ 0.00526784]
[ 0.00349382]
[ 0.00564337]
[ 0.00551211]
[ 0.00356186]
[ 0.00465799]
[ 0.00571023]
[ 0.00689984]
[ 0.00414368]
[ 0.00567954]
[ 0.00663238]
[ 0.00623256]
[ 0.00433228]
[ 0.00442376]
[ 0.00427334]
[ 0.00415192]
[ 0.00093023]
[ 0.00477563]
[ 0.00383171]
[ 0.004741]
[ 0.00411248]
[ 0.00561742]
[ 0.00544889]
[ 0.00605925]
[ 0.01082129]
[ 0.00497157]
[ 0.00590269]
[ 0.00256518]
[ 0.00412947]
[ 0.00482638]
[ 0.00093023]
[ 0.00482638]
[ 0.00341545]
[ 0.00093023]
